1    14041401    06,11,03,07,01
2    14041402    02,03,08,10,05
3    14041403    04,07,11,06,05
4    14041404    05,03,04,02,07
5    14041405    03,06,08,01,04
6    14041406    08,07,09,04,10
7    14041407    07,10,06,04,01
8    14041408    01,07,10,09,06
9    14041409    05,01,03,06,09
10    14041410    03,06,08,07,09
11    14041411    01,08,02,11,03
12    14041412    10,05,09,01,08
13    14041413    01,09,07,10,03
14    14041414    10,01,02,06,05
15    14041415    11,05,03,09,07
16    14041416    11,04,08,10,01
17    14041417    08,06,01,04,03
18    14041418    06,02,03,05,04
19    14041419    09,10,03,02,01
20    14041420    04,02,06,11,03
21    14041421    05,03,07,09,06
22    14041422    08,03,06,02,09
23    14041423    04,11,07,01,02
24    14041424    08,04,06,07,03
25    14041425    07,11,01,05,09
26    14041426    01,02,03,07,04
27    14041427    02,10,06,03,11
28    14041428    10,07,11,06,02
29    14041429    05,01,07,10,11
30    14041430    07,05,04,08,01
31    14041431    11,01,02,10,08
32    14041432    08,03,04,02,10
33    14041433    10,11,08,03,09
34    14041434    05,01,11,04,02
35    14041435    06,04,01,09,11
36    14041436    04,05,01,06,11
37    14041437    05,11,04,03,02
38    14041438    11,02,10,05,08
39    14041439    11,03,02,04,05
40    14041440    04,02,06,10,03
41    14041441    07,03,09,08,02
42    14041442    03,02,10,04,06
43    14041443    07,11,08,10,01
44    14041444    02,09,03,08,11
45    14041445    08,02,01,10,06
46    14041446    10,11,03,06,07
47    14041447    03,05,10,08,07
48    14041448    10,06,03,05,11
49    14041449    05,06,01,04,07
50    14041450    07,04,08,02,03
51    14041451    11,05,01,07,10
52    14041452    11,05,09,06,04
53    14041453    03,05,02,09,04
54    14041454    05,04,03,08,10
55    14041455    05,11,03,10,01
56    14041456    02,03,07,06,08
57    14041457    11,06,05,03,08
58    14041458    05,02,01,07,03
59    14041459    06,08,11,02,05
60    14041460    08,06,05,09,02
61    14041461    06,10,04,08,07
62    14041462    06,04,03,11,01
63    14041463    03,07,01,10,04
64    14041464    01,10,04,05,03
65    14041465    08,05,07,02,10
66    14041466    02,01,05,08,10
67    14041467    06,02,11,09,01
68    14041468    09,10,07,06,03
69    14041469    10,09,02,07,05
70    14041470    10,01,05,04,03
71    14041471    08,01,04,05,02
72    14041472    08,04,07,06,05
73    14041473    11,01,08,07,03
74    14041474    08,07,09,11,10
75    14041475    08,04,11,05,02
76    14041476    03,04,07,10,05
77    14041477    07,08,09,11,04
78    14041478    06,07,01,04,11
79    14041501    11,08,10,06,02
80    14041502    03,02,04,06,10
81    14041503    01,06,02,10,11
82    14041504    10,05,06,11,07
83    14041505    11,03,07,08,04
84    14041506    03,11,08,09,04
85    14041507    10,09,02,05,04
86    14041508    01,02,03,11,06
87    14041509    02,07,05,11,06
88    14041510    11,06,04,07,05
89    14041511    02,10,01,05,09
90    14041512    01,08,09,10,04
91    14041513    02,03,11,04,07
92    14041514    05,10,04,08,01
93    14041515    11,04,01,08,09
94    14041516    06,08,10,01,04
95    14041517    02,11,03,10,05
96    14041518    04,05,03,06,09
97    14041519    08,05,01,11,02
98    14041520    11,04,09,03,01
99    14041521    01,06,11,10,04
100    14041522    09,04,02,03,01
101    14041523    03,06,01,08,02
102    14041524    07,04,10,09,02
103    14041525    10,02,01,09,03
104    14041526    08,05,07,04,11
105    14041527    02,09,07,10,06
106    14041528    11,04,07,09,08
107    14041529    01,05,07,02,04
108    14041530    02,05,06,10,03
109    14041531    06,04,09,03,11
110    14041532    05,07,09,03,10
111    14041533    10,08,09,07,01
112    14041534    09,06,02,01,08
113    14041535    02,04,08,06,09
114    14041536    02,07,10,01,06
115    14041537    11,04,08,03,10
116    14041538    10,01,09,08,11
117    14041539    11,02,06,08,07
118    14041540    02,03,11,04,05
119    14041541    03,06,01,10,08
120    14041542    07,10,05,11,09
121    14041543    11,06,09,07,04
122    14041544    03,11,06,01,09
123    14041545    11,08,09,04,03
124    14041546    08,07,03,09,10
125    14041547    09,06,04,05,01
126    14041548    04,02,03,07,10
127    14041549    07,01,02,03,06
128    14041550    01,11,02,03,08
129    14041551    06,02,03,09,07
130    14041552    07,02,05,04,03
131    14041553    03,11,04,02,10
132    14041554    07,02,09,10,01
133    14041555    09,03,08,02,07
134    14041556    04,07,10,03,09
135    14041557    10,08,06,03,04
136    14041558    01,04,10,09,03
137    14041559    06,07,05,02,03
138    14041560    08,05,04,10,01
139    14041561    10,01,02,06,03
140    14041562    04,09,01,02,06
141    14041563    01,09,08,03,11
142    14041564    11,08,03,06,01
143    14041565    04,09,02,08,03
144    14041566    08,03,04,05,02
145    14041567    07,06,11,04,02
146    14041568    04,07,11,09,06
147    14041569    05,06,02,11,07
148    14041570    08,03,10,02,01
149    14041571    10,11,06,05,04
150    14041572    03,04,02,01,09
151    14041573    06,05,07,11,03
152    14041574    04,10,08,07,11
153    14041575    07,03,08,09,10
154    14041576    05,09,08,03,04
155    14041577    05,02,01,07,04
156    14041578    02,11,01,08,03
157    14041601    02,11,03,06,08
158    14041602    09,10,07,03,11
159    14041603    05,10,01,09,02
160    14041604    08,11,02,07,04
161    14041605    03,09,10,05,08
162    14041606    03,09,08,06,02
163    14041607    03,02,05,08,07
164    14041608    07,01,09,11,04
165    14041609    01,02,07,04,03
166    14041610    11,04,10,07,06
167    14041611    04,05,10,09,07
168    14041612    11,09,04,01,02
169    14041613    09,10,02,05,08
170    14041614    02,06,10,03,09
171    14041615    06,04,09,01,07
172    14041616    05,04,11,08,09
173    14041617    05,06,03,01,11
174    14041618    06,01,04,05,02
175    14041619    09,06,03,05,01
176    14041620    05,09,02,07,10
177    14041621    07,01,02,04,03
178    14041622    09,04,05,01,10
179    14041623    02,05,07,04,01
180    14041624    11,04,08,07,02
181    14041625    02,05,01,09,11
182    14041626    04,11,05,07,02
183    14041627    10,02,03,06,05
184    14041628    04,03,10,05,11
185    14041629    05,08,11,01,04
186    14041630    02,10,04,06,07
187    14041631    11,07,03,01,10
188    14041632    11,09,03,01,10
189    14041633    09,10,11,07,04
190    14041634    09,08,06,05,10
191    14041635    01,06,02,09,05
192    14041636    11,07,09,04,10
193    14041637    05,01,02,04,09
194    14041638    03,08,06,05,11
195    14041639    11,02,05,04,07
196    14041640    07,09,08,03,02
197    14041641    05,03,07,11,08
198    14041642    05,02,10,07,03
199    14041643    08,07,02,10,04
200    14041644    02,03,09,06,10
201    14041645    10,07,11,09,01
202    14041646    01,06,05,11,10
203    14041647    05,04,06,07,09
204    14041648    08,04,02,11,06
205    14041649    10,07,03,02,06
206    14041650    02,04,07,06,03
207    14041651    10,07,02,06,05
208    14041652    04,11,10,05,01
209    14041653    04,05,02,01,06
210    14041654    07,02,06,04,11
211    14041655    09,10,01,08,03
212    14041656    07,10,04,03,06
213    14041657    04,08,01,06,10
214    14041658    08,10,09,01,06
215    14041659    10,03,01,08,09
216    14041660    11,03,09,08,05
217    14041661    02,11,04,03,07
218    14041662    02,11,08,10,09
219    14041663    11,07,02,04,01
220    14041664    03,04,08,09,05
221    14041665    08,06,03,04,05
222    14041666    06,07,10,04,01
223    14041667    04,09,06,10,01
224    14041668    07,02,08,05,11
225    14041669    10,08,07,03,04
226    14041670    03,05,02,10,09
227    14041671    08,04,09,06,11
228    14041672    06,04,07,08,10
229    14041673    01,05,10,06,03
230    14041674    01,06,02,03,09
231    14041675    11,08,05,01,02
232    14041676    04,02,06,03,05
233    14041677    01,07,09,10,05
234    14041678    04,07,09,01,06
235    14041701    02,10,11,05,04
236    14041702    01,10,09,02,05
237    14041703    10,08,07,01,05
238    14041704    06,05,08,09,03
239    14041705    07,08,01,04,09
240    14041706    06,07,10,11,05
241    14041707    11,05,09,03,10
242    14041708    08,02,01,05,09
243    14041709    09,07,05,04,11
244    14041710    10,05,04,06,01
245    14041711    10,04,03,05,02
246    14041712    05,01,03,08,10
247    14041713    06,03,11,08,10
248    14041714    04,02,09,08,06
249    14041715    06,08,05,09,11
250    14041716    10,11,02,01,08
251    14041717    04,05,11,02,07
252    14041718    07,06,02,03,11
253    14041719    11,06,08,09,04
254    14041720    09,05,06,10,11
255    14041721    09,03,05,01,11
256    14041722    01,05,03,02,11
257    14041723    09,04,01,11,06
258    14041724    09,05,07,06,01
259    14041725    07,04,03,11,10
260    14041726    02,09,03,08,11
261    14041727    07,03,01,05,04
262    14041728    11,01,09,06,03
263    14041729    11,03,02,10,08
264    14041730    01,03,09,10,05
265    14041731    05,02,01,04,11
266    14041732    11,01,08,06,02
267    14041733    05,01,07,02,08
268    14041734    01,08,06,10,04
269    14041735    11,09,07,04,05
270    14041736    04,03,09,06,05
271    14041737    09,08,01,02,06
272    14041738    11,04,07,02,08
273    14041739    02,09,05,01,07
274    14041740    06,10,01,07,04
275    14041741    04,08,05,02,06
276    14041742    02,07,05,08,11
277    14041743    07,08,06,10,11
278    14041744    07,09,08,03,02
279    14041745    04,01,09,03,10
280    14041746    01,09,07,08,05
281    14041747    06,10,09,03,02
282    14041748    07,01,04,10,08
283    14041749    07,04,11,10,03
284    14041750    05,06,08,10,07
285    14041751    11,08,09,05,03
286    14041752    06,08,05,03,07
287    14041753    01,03,02,10,06
288    14041754    08,01,09,04,02
289    14041755    02,09,03,05,06
290    14041756    04,01,07,03,06
291    14041757    02,06,11,05,01
292    14041758    11,02,06,07,05
293    14041759    10,09,05,07,04
294    14041760    02,07,10,03,04
295    14041761    10,02,03,09,04
296    14041762    11,10,04,03,01
297    14041763    06,03,07,01,10
298    14041764    06,03,05,07,01
299    14041765    06,03,11,01,05
300    14041766    10,05,03,04,06
301    14041767    02,08,07,01,10
302    14041768    06,05,10,02,11
303    14041769    09,08,04,03,01
304    14041770    03,08,05,10,07
305    14041771    01,05,02,06,07
306    14041772    05,01,02,09,08
307    14041773    08,04,06,02,07
308    14041774    11,07,05,09,10
309    14041775    01,06,09,05,08
310    14041776    10,01,04,11,03
311    14041777    04,07,08,10,09
312    14041778    08,03,05,06,01
313    14041801    06,02,04,03,08
314    14041802    01,10,07,03,05
315    14041803    08,11,09,01,03
316    14041804    08,05,04,01,09
317    14041805    01,08,10,07,04
318    14041806    01,09,03,08,10
319    14041807    10,04,11,03,09
320    14041808    03,07,06,04,01
321    14041809    01,06,03,09,11
322    14041810    10,09,07,11,06
323    14041811    04,10,01,05,08
324    14041812    05,07,03,09,04
325    14041813    08,05,07,03,01
326    14041814    04,09,07,11,06
327    14041815    03,09,01,02,11
328    14041816    01,02,10,08,09
329    14041817    07,05,08,02,09
330    14041818    06,04,07,02,11
331    14041819    09,03,06,10,07
332    14041820    08,10,06,07,05
333    14041821    09,05,02,03,06
334    14041822    05,10,09,04,02
335    14041823    02,11,10,07,09
336    14041824    04,01,05,03,10
337    14041825    03,02,08,07,01
338    14041826    06,08,11,01,05
339    14041827    01,03,06,05,04
340    14041828    06,02,03,04,09
341    14041829    08,06,11,10,09
342    14041830    03,01,10,11,07
343    14041831    10,06,08,03,04
344    14041832    04,05,09,02,08
345    14041833    05,08,06,03,10
346    14041834    01,04,09,10,06
347    14041835    02,04,01,05,10
348    14041836    06,04,05,02,07
349    14041837    01,07,05,11,04
350    14041838    04,01,03,11,07
351    14041839    05,02,03,04,08
352    14041840    01,06,02,08,09
353    14041841    05,07,11,06,09
354    14041842    07,11,05,06,03
355    14041843    01,04,10,02,07
356    14041844    02,04,06,10,09
357    14041845    09,10,01,07,05
358    14041846    03,11,04,02,09
359    14041847    06,01,03,04,09
360    14041848    05,06,08,09,01
361    14041849    07,02,09,10,05
362    14041850    03,10,08,09,06
363    14041851    08,01,11,03,04
364    14041852    10,01,02,04,06
365    14041853    06,01,07,08,11
366    14041854    09,02,04,11,08
367    14041855    09,01,07,08,10
368    14041856    03,01,10,05,06
369    14041857    08,03,10,07,09
370    14041858    06,02,11,08,05
371    14041859    03,09,05,11,04
372    14041860    01,06,08,09,04
373    14041861    09,08,05,03,07
374    14041862    06,02,04,10,08
375    14041863    03,11,06,05,04
376    14041864    02,07,11,08,09
